District,Org Code,Total FTE Memb,General Fund Appropriations,"Grants, Revolving & Other Funds",Total Expenditures,Expenditure Per Pupil
AMHERST,00080000,1287.1,23615972,1574890,25190862,19572
AMHERST PELHAM,06050000,1619,28509009,3180919,31689928,19574
BELCHERTOWN,00240000,2557.9,27949777,2618345,30568122,11950
CONWAY,00680000,180.7,2002562,568625,2571187,14229
DEERFIELD,00740000,455,5021054,1118610,6139664,13494
ERVING,00910000,261.8,4616722,228889,4845611,18509
FRANKLIN COUNTY,08180000,500,9168626,2910970,12079596,24159
FRONTIER,06700000,704.8,10434758,1620991,12055749,17105
GARDNER,01030000,2624.5,28407578,2912350,31319928,11934
GILL MONTAGUE,06740000,1270.8,16770257,3179687,19949944,15699
GREENFIELD,01140000,2165.4,25722915,5659383,31382298,14493
HAWLEMONT,06850000,114,1522036,303811,1825847,16016
LEVERETT,01540000,132.5,2241276,388449,2629725,19847
MOHAWK TRAIL,07170000,1084.1,16017865,2285240,18303105,16883
NEW SALEM WENDELL,07280000,138.7,1831185,482591,2313776,16682
ORANGE,02230000,705.9,7528454,1357659,8886113,12588
RALPH C MAHAR,07550000,906.1,11057956,2013429,13071385,14426
ROWE,02530000,88.3,1666846,191574,1858420,21047
SHUTESBURY,02720000,170,2274196,357022,2631218,15478
SUNDERLAND,02890000,222.6,2409871,391196,2801067,12583
WHATELY,03370000,155.3,1978035,392646,2370681,15265
